Bleu_1: 0.732558
Bleu_2: 0.566442
Bleu_3: 0.433188
Bleu_4: 0.332858
METEOR: 0.260003
ROUGE_L: 0.545065
CIDEr: 1.041811
Beam search =5

sampling speed
beam size = 1,2,3,4,5
19.73it/s, 15.77it/s, 13.88it/s, 13.85it, 12.39it/s
