May 16, 2019 at 12:18:54 AM UTC-7 (33 hours)

bleu4: 0.19240392397867623
bleu4: 0.21160606617381333
bleu4: 0.2191122589563915
bleu4: 0.2229580990255115
bleu4: 0.2253398353571424
bleu4: 0.2268629219186173
bleu4: 0.2280307385338246
bleu4: 0.22970643820145786
bleu4: 0.229576375631521
bleu4: 0.22861402016083684
bleu4: 0.2295388373327696
bleu4: 0.23053089536722504

beam size = 1,2,3,4,5
38.20it/s, 29.79it/s, 27.26it/s, 23.58it/s,21.85it/s

Bleu_1: 0.715653
Bleu_2: 0.549590
Bleu_3: 0.415506
Bleu_4: 0.314120
METEOR: 0.249224
ROUGE_L: 0.530963
CIDEr: 0.969543
beam size = 5

# of parameters in encoder and decoder
3206976
16288531

model size
224M
