bleu4: 0.20601139050326672
bleu4: 0.22064591289279642
bleu4: 0.22735196846369327
bleu4: 0.22931201752707828
bleu4: 0.22998461713484736
bleu4: 0.23043749776326214

beam size 1,2,3,4,5
24.37it/s, 20.02it/s, 18.95it/s, 18.50it/s, 16.74it/s

Bleu_1: 0.725449
Bleu_2: 0.559618
Bleu_3: 0.425572
Bleu_4: 0.323563
METEOR: 0.251789
ROUGE_L: 0.534920
CIDEr: 0.983982


model size
332M

the number of parameters in encoder and decoder
14723136
14190867