Bleu_1: 0.637675
Bleu_2: 0.460556
Bleu_3: 0.322008
Bleu_4: 0.221806
METEOR: 0.205288
ROUGE_L: 0.472498
CIDEr: 0.566570