Bleu_1: 0.647171
Bleu_2: 0.470034
Bleu_3: 0.330776
Bleu_4: 0.227324
METEOR: 0.187259
ROUGE_L: 0.473639
CIDEr: 0.571941
Beam Search = 5